732957
733457
734172
734393
734615
734805
735007
735208
735406
735745
735968
736144
736341
736507
736689
736907
737181
737518
737721
737921
738141
738537
738760
738965
739282
739509
739714
739886
740080
740283
740577
740773
740966
741148
741353
741599
741822
742111
742369
742854
743392
743749
744112
744611
744973
745240
745544
745929
746185
746519
746926
747238
747761
748321
748613
748882
749226
749647
750039
750256
750487
750878
751121
751342
751643
752228
753139
753807
754164
754399
754633
754867
755157
755589
755943
756349
756772
757186
757489
757724
758000
758732
759752
760181
760989
762822
763503
763871
764323
765126
766030
766432
766716
767129
767458
767731
768037
768504
768989
769627
