733731
734237
734464
734668
734872
735059
735264
735476
735937
736142
736341
736493
736679
736919
737224
737504
737890
738106
738360
738745
738933
739128
739310
739505
739689
739953
740112
740298
740583
740767
740930
741111
741363
741534
741754
741964
742485
742964
743857
744170
744612
744921
745307
745562
745734
746047
746383
746668
747078
747837
748188
748634
749038
749292
749497
749846
750129
750345
750540
750963
751194
751632
752227
753146
753578
753948
754159
754588
754915
755158
755436
755857
756340
756656
757186
757698
758001
758464
759302
760031
760451
761950
762822
763327
763855
764476
765499
765942
766254
766835
767078
767409
767740
767989
768613
769413
769824
770233
770520
